iiwa_range_list: 1.297000 0.803500 0.145000 -0.112000 -0.790000 -1.297000
path_x: -0.848591 -0.869000 -1.041719 -0.869000 -0.852777 
path_y: 1.324447 0.450000 0.055359 -0.443000 -1.299168 
path_angle: -15.708638 -0.000000 -1.753405 -0.000000 15.284557 
