iiwa_range_list: 1.297000 0.892000 0.677000 0.159000 -0.144500 -0.661500 -0.878500 -1.300000
path_x: -0.852490 -1.004189 -0.888318 -1.025996 -0.889501 -0.988187 -0.856748 
path_y: 1.395977 0.563097 0.488215 0.004785 -0.458782 -0.508279 -1.367347 
path_angle: -19.093492 12.952765 -5.016921 0.181315 3.749978 -15.300846 18.520210 
