iiwa_range_list: 1.297000 0.892000 0.677000 0.159000 -0.144500 -0.661500 -0.878500 -0.894000 
path_x: -0.663493 -0.809278 -0.689084 -0.825997 -0.689929 -0.795277 -0.667106 
path_y: 1.330555 0.607926 0.470725 0.005418 -0.445701 -0.561056 -1.303820 
path_angle: -19.093492 12.952765 -5.016921 0.181315 3.749978 -15.300846 18.520210 