iiwa_range_list: 0.738000 0.141500 -0.357500 -0.788000
path_x: -0.826433 -0.896556 -0.938348 
path_y: 0.379665 0.164875 -0.852307 
path_angle: 4.141775 -16.745751 15.793935 
